16


0 0 0 1.0 1.0 1.0 0 0
0 0 0 0 0  0 0 0 0 0  0 0 0 0 0
0 0 
0 0 0 0 0  0 0 0 0 0  0 0 0 0 0
0 0 0 0 0 0 0 0 0 0

0 0 0 1.0 1.0 1.0 0 0
0 0 0 0 0  0 0 0 0 0  0 0 0 0 0
0 0 
0 0 0 0 0  0 0 0 0 0  0 0 0 0 0
0 0 0 0 0 1 1 0 0 1

0 0 0 1.0 1.0 1.0 0 0
0 0 0 0 0  0 0 0 0 0  0 0 0 0 0
0 0 
0 0 0 0 0  0 0 0 0 0  0 0 0 0 0
0 0 0 0 0 1 2 0 0 2

1 2 0 1.0 1.0 1.0 1 0
0 0 0 0 0  0 0 0 0 0  0 0 0 0 0
4 0 
0 0 0 0 0  0 0 0 0 0  0 0 0 0 0
0 1 0 6 0 1 3 0 0 3

0 0 0 1.0 1.0 1.0 0 0
0 0 0 0 0  0 0 0 0 0  0 0 0 0 0
0 0 
0 0 0 0 0  0 0 0 0 0  0 0 0 0 0
0 0 0 0 0 1 3 0 12 4


0 5 0 1.0 1.0 1.0 0 0
0 0 0 0 0  0 0 0 0 0  0 0 0 0 0
0 0 
0 0 0 0 0  0 0 0 0 0  0 0 0 0 0
0 0 0 0 0 1 3 0 0 5

0 0 0 1.0 1.0 1.0 0 0
0 0 0 0 0  0 0 0 0 0  0 0 0 0 0
0 0 
0 0 0 0 0  0 0 0 0 0  0 0 0 0 0
0 0 0 0 0 1 3 0 11 6

0 0 0 1.0 1.0 1.0 0 0
0 0 0 0 0  0 0 0 0 0  0 0 0 0 0
0 0 
0 0 0 0 0  0 0 0 0 0  0 0 0 0 0
0 0 0 0 0 1 3 0 25 7

0 0 2 1.0 1.0 1.0 0 0
0 60 3 0 4  1 60 3 0 4  2 60 3 0 4
0 20 
2 100 6 0 16  100 100 30 0 16  100 100 30 0 16
0 0 0 0 0 1 4 0 0 8

0 0 2 1.0 1.0 1.0 0 1
1 70 4 0 3  2 70 5 0 3  4 70 4 0 3
0 50 
2 100 10 0 12  150 100 60 0 12  150 100 60 0 12
0 0 0 0 0 1 4 0 0 9

6 16 0 1.0 1.0 1.0 1 0
0 0 0 0 0  0 0 0 0 0  0 0 0 0 0
14 0 
0 0 0 0 0  0 0 0 0 0  0 0 0 0 0
0 1 0 36 20 1 3 0 0 10

4 10 0 1.0 1.0 1.0 1 0
0 0 0 0 0  0 0 0 0 0  0 0 0 0 0
6 0 
0 0 0 0 0  0 0 0 0 0  0 0 0 0 0
0 1 0 16 10 1 3 0 0 11

10 30 0 1.0 1.0 1.0 2 0
0 0 0 0 0  0 0 0 0 0  0 0 0 0 0
24 0 
0 0 0 0 0  0 0 0 0 0  0 0 0 0 0
0 1 0 60 30 1 3 0 0 12

20 60 0 1.0 1.0 1.0 4 0
0 0 0 0 0  0 0 0 0 0  0 0 0 0 0
40 0 
0 0 0 0 0  0 0 0 0 0  0 0 0 0 0
0 3 0 100 40 1 3 0 0 13

0 0 0 1.0 1.0 1.0 0 0
0 0 0 0 0  0 0 0 0 0  0 0 0 0 0
0 0 
0 0 0 0 0  0 0 0 0 0  0 0 0 0 0
0 0 0 0 0 0 3 0 28 14

0 0 0 1.0 1.0 1.0 0 0
0 0 0 0 0  0 0 0 0 0  0 0 0 0 0
0 0 
0 0 0 0 0  0 0 0 0 0  0 0 0 0 0
0 0 0 0 0 0 3 0 30 15

0 0 0
0 0 0
0 0 0
3000 0 3000
0 0 0
0 0 0
0 0 0
0 0 0
16 12 400
6 10 100
20 20 400
100 10 400
10 10 120
1 1 12
30 10 100
5 5 200
