1

2

30 0 0 0.0 0.0 0.0 0 0
0 0 0 0 0  0 0 0 0 0  0 0 0 0 0
0 0 
0 0 0 0 0  0 0 0 0 0  0 0 0 0 0
0 0 400 0 0 0 0 0 0 0

60 0 0 0.0 0.0 0.0 0 0
0 0 0 0 0  0 0 0 0 0  0 0 0 0 0
0 0 
0 0 0 0 0  0 0 0 0 0  0 0 0 0 0
0 0 600 0 0 0 0 0 0 0

30 0 0 0.0 0.0 0.0 0 0
0 0 0 0 0  0 0 0 0 0  0 0 0 0 0
0 0 
0 0 0 0 0  0 0 0 0 0  0 0 0 0 0
7 0 600 0 0 0 0 0 10 4

1000 0 0 0.0 0.0 0.0 0 0
0 0 0 0 0  0 0 0 0 0  0 0 0 0 0
0 0 
0 0 0 0 0  0 0 0 0 0  0 0 0 0 0
7 0 10000 0 0 0 0 0 10 4


20 0 0 0.0 0.0 0.0 0 0
0 0 0 0 0  0 0 0 0 0  0 0 0 0 0
0 0 
0 0 0 0 0  0 0 0 0 0  0 0 0 0 0
0 1 200 0 0 0 0 0 0 0

30 0 0 0.0 0.0 0.0 0 0
0 0 0 0 0  0 0 0 0 0  0 0 0 0 0
0 0 
0 0 0 0 0  0 0 0 0 0  0 0 0 0 0
0 0 400 0 0 0 0 0 0 0

10 0 0 0.0 0.0 0.0 0 0
0 0 0 0 0  0 0 0 0 0  0 0 0 0 0
0 0 
0 0 0 0 0  0 0 0 0 0  0 0 0 0 0
7 1 400 0 0 0 0 0 10 2

500 0 0 0.0 0.0 0.0 0 0
0 0 0 0 0  0 0 0 0 0  0 0 0 0 0
0 0 
0 0 0 0 0  0 0 0 0 0  0 0 0 0 0
7 2 10000 0 0 0 0 0 10 2


1
0 0 0 0.0 0.0 0.0 0 0
0 0 0 0 0  0 0 0 0 0  0 0 0 0 0
0 0 
0 0 0 0 0  0 0 0 0 0  0 0 0 0 0
0 0 0 0 0 0 0 0 0 0

0 0 0 0.0 0.0 0.0 0 0
0 0 0 0 0  0 0 0 0 0  0 0 0 0 0
0 0 
0 0 0 0 0  0 0 0 0 0  0 0 0 0 0
0 0 0 0 0 0 0 0 0 0

0 0 0 0.0 0.0 0.0 0 0
0 0 0 0 0  0 0 0 0 0  0 0 0 0 0
0 0 
0 0 0 0 0  0 0 0 0 0  0 0 0 0 0
0 0 200 0 0 0 0 0 28 0

0 0 0 0.0 0.0 0.0 0 0
0 0 0 0 0  0 0 0 0 0  0 0 0 0 0
0 0 
0 0 0 0 0  0 0 0 0 0  0 0 0 0 0
0 0 200 0 0 0 0 0 28 0
