3

2 0 0 2 
10 16 12 200 
0 0 1 1
10 40 30 600
0 0 0 0
1 0 1 2
1 0 0 1
4 0 6 10
0 0 0 0
10 40 20 1000
1 0 0 1

10

1 0 0 1 
6 12 10 200 
0 0 1 1
20 50 30 600
0 40 20 1000
1 0 1 2
1 0 0 1
4 0 6 10
0 0 0 0
10 40 10 1000
1 0 1 2

20

1 0 0 1 
4 6 6 200 
0 0 1 1
30 40 40 600
60 100 60 1000
1 0 1 2
1 0 0 1
4 0 6 10
0 0 0 0
20 40 20 1000
1 0 2 3

10



4

1 0 0 1
8 10 8 400
4 0 0 4
10 20 50 600
20 40 40 1000
1 0 0 1
4 0 0 4
6 0 0 6
30 -4 -4 30
0 0 0 0
1 0 2 3

20

2 0 0 2
10 20 20 400
5 0 0 5
10 20 10 600
0 0 0 0
1 0 0 1
4 0 0 4
6 0 0 6
40 -5 -5 40
0 0 0 0
1 0 2 3

10

1 0 0 1
10 12 10 400
6 0 0 6
10 20 50 600
20 20 20 1000
1 0 0 1
4 0 0 4
6 0 0 6
30 -4 -4 30
0 0 0 0
1 0 2 3

40

2 0 0 2
4 6 4 400
7 0 0 7
10 20 10 600
50 50 50 1000
1 0 0 1
4 0 0 4
6 0 0 6
40 -5 -5 40
0 0 0 0
1 0 2 3

30

1 

1 0 0 1
30 20 20 400
0 0 0 0
100 200 100 20000
50 50 50 1000
1 1 0 3
1 0 0 1
4 2 0 20
0 0 0 0
400 600 200 100000
1 1 0 4

100