14

0 0 0 0.0 0.0 0.0 0 0
0 0 0 0 0  0 0 0 0 0  0 0 0 0 0
0 0 
0 0 0 0 0  0 0 0 0 0  0 0 0 0 0
0 0 0 0 0 0 0 0 0 0

0 0 0 0.0 0.0 0.0 0 0
0 0 0 0 0  0 0 0 0 0  0 0 0 0 0
0 0 
0 0 0 0 0  0 0 0 0 0  0 0 0 0 0
0 0 0 0 0 0 0 0 0 0

0 0 5 0.0 0.0 0.0 0 0
0 0 0 0 0  0 0 0 0 0  0 0 0 0 0
0 0 
0 0 0 0 0  0 0 0 0 0  0 0 0 0 0 
0 0 100 0 0 0 0 0 0 0

0 0 5 0.0 0.0 0.0 0 0
0 0 0 0 0  0 0 0 0 0  0 0 0 0 0
0 0 
0 0 0 0 0  0 0 0 0 0  0 0 0 0 0
0 0 100 0 0 0 0 0 0 0



0 0 0 0.0 0.0 0.0 0 0
0 0 0 0 0  0 0 0 0 0  0 0 0 0 0
0 0 
2 0 10 0 0  50 0 20 0 0  50 0 20 0 0
0 0 0 0 0 0 0 0 0 0

0 0 0 0.0 0.0 0.0 0 0
0 0 0 0 0  0 0 0 0 0  0 0 0 0 0
0 0 
2 0 5 0 0  100 0 10 0 0  100 0 10 0 0
0 0 0 0 0 0 0 0 0 0

0 0 0 0.0 0.0 0.0 0 0
0 0 0 0 0  0 0 0 0 0  0 0 0 0 0
0 0 
2 0 0 0 0  50 0 0 0 0  50 0 0 0 0 
0 0 100 0 0 0 0 0 29 0

0 0 0 0.0 0.0 0.0 0 0
0 0 0 0 0  0 0 0 0 0  0 0 0 0 0
0 0 
120 0 120 0 0  1500 0 120 0 0  1500 0 120 0 0
0 0 100 0 0 0 0 0 29 0



3 2 0 0.0 0.0 0.0 3 0
0 0 0 0 0  0 0 0 0 0  0 0 0 0 0
6 0 
0 0 0 0 0  0 0 0 0 0  0 0 0 0 0
0 1 0 6 6 0 0 0 0 0

2 2 0 0.0 0.0 0.0 2 0
0 0 0 0 0  0 0 0 0 0  0 0 0 0 0
6 0 
0 0 0 0 0  0 0 0 0 0  0 0 0 0 0
0 1 0 6 6 0 0 0 0 0

0 2 0 0.0 0.0 0.0 1 0
0 0 0 0 0  0 0 0 0 0  0 0 0 0 0
6 0 
0 0 0 0 0  0 0 0 0 0  0 0 0 0 0 
0 1 1000 4 0 1 1 0 0 0

100 100 0 0.0 0.0 0.0 20 0
0 0 0 0 0  0 0 0 0 0  0 0 0 0 0
100 0 
0 0 0 0 0  0 0 0 0 0  0 0 0 0 0 
0 10 1000 200 60 1 1 0 0 0



0 0 0 0.0 0.0 0.0 0 0
1 8 3 0 -3  1 8 3 0 -3  1 8 3 0 -3
0 20 
2 0 6 0 -3  90 0 20 0 -3  90 0 20 0 -3
0 0 0 0 0 0 0 0 0 0

0 0 0 0.0 0.0 0.0 1 0
1 4 1 0 0  1 4 1 0 0  1 4 1 0 0
0 40 
1 0 2 0 -2  40 0 10 0 -2 40 0 10 0 -2
0 0 0 0 0 0 0 0 0 0

0 0 2 0.0 0.0 0.0 1 0
0 40 0 0 5  0 40 0 0 5  0 40 0 0 5
0 10 
0 100 0 0 18  0 100 0 0 18  0 100 0 0 18 
0 0 40 0 0 0 1 0 0 0

0 0 2 0.0 0.0 0.0 5 0
6 90 10 0 5  4 90 10 0 5  10 90 10 0 5
0 400 
2 100 20 0 20  400 100 20 0 20  400 100 20 0 20 
0 0 40 0 0 0 1 0 0 0



10 30 0 0.0 0.0 0.0 0 0
0 0 0 0 0  0 0 0 0 0  0 0 0 0 0
0 0 
0 0 0 0 0  0 0 0 0 0  0 0 0 0 0
0 0 0 0 0 0 0 0 0 0

20 20 0 0.0 0.0 0.0 0 0
0 0 0 0 0  0 0 0 0 0  0 0 0 0 0
0 0 
0 0 0 0 0  0 0 0 0 0  0 0 0 0 0
0 0 0 0 0 0 0 0 0 0

0 20 0 0.0 0.0 0.0 1 0
0 0 0 0 0  0 0 0 0 0  0 0 0 0 0
0 0 
0 0 0 0 0  0 0 0 0 0  0 0 0 0 0 
0 0 100 0 0 1 0 0 10 0

120 200 0 0.0 0.0 0.0 1 0
0 0 0 0 0  0 0 0 0 0  0 0 0 0 0
0 0 
0 0 0 0 0  0 0 0 0 0  0 0 0 0 0
0 0 100 0 0 1 0 0 10 0


8 10 0 0.0 0.0 0.0 0 0
0 0 0 0 0  0 0 0 0 0  0 0 0 0 0
0 0 
0 0 0 0 0  0 0 0 0 0  0 0 0 0 0
0 1 0 0 0 0 0 0 0 0

12 20 0 0.0 0.0 0.0 0 0
0 0 0 0 0  0 0 0 0 0  0 0 0 0 0
0 0 
0 0 0 0 0  0 0 0 0 0  0 0 0 0 0
0 1 0 0 0 0 0 0 0 0

0 16 0 0.0 0.0 0.0 0 0
0 0 0 0 0  0 0 0 0 0  0 0 0 0 0
0 0 
0 0 0 0 0  0 0 0 0 0  0 0 0 0 0 
0 2 40 0 0 1 0 0 10 1

100 200 0 0.0 0.0 0.0 0 0
0 0 0 0 0  0 0 0 0 0  0 0 0 0 0
0 0 
0 0 0 0 0  0 0 0 0 0  0 0 0 0 0
0 10 40 0 0 1 0 0 10 1



0 0 0 0.0 0.0 0.0 0 0
0 0 0 0 0  0 0 0 0 0  0 0 0 0 0
0 0 
0 0 0 0 0  0 0 0 0 0  0 0 0 0 0
0 0 0 16 0 0 0 0 0 0

0 0 0 0.0 0.0 0.0 0 0
0 0 0 0 0  0 0 0 0 0  0 0 0 0 0
0 0 
0 0 0 0 0  0 0 0 0 0  0 0 0 0 0
0 0 0 10 0 0 0 0 0 0

0 0 0 0.0 0.0 0.0 0 0
0 0 0 0 0  0 0 0 0 0  0 0 0 0 0
0 0 
0 0 0 0 0  0 0 0 0 0  0 0 0 0 0 
0 0 20 0 0 0 0 0 1 0

0 0 0 0.0 0.0 0.0 0 0
0 0 0 0 0  0 0 0 0 0  0 0 0 0 0
0 0 
0 0 0 0 0  0 0 0 0 0  0 0 0 0 0
0 0 20 180 0 0 0 0 1 0


0 0 0 0.0 0.0 0.0 0 0
0 0 0 0 0  0 0 0 0 0  0 0 0 0 0
0 0 
0 0 0 0 0  0 0 0 0 0  0 0 0 0 0
0 0 0 20 2 0 0 0 0 0

0 0 0 0.0 0.0 0.0 0 0
0 0 0 0 0  0 0 0 0 0  0 0 0 0 0
0 0 
0 0 0 0 0  0 0 0 0 0  0 0 0 0 0
0 0 0 10 2 0 0 0 0 0

0 0 0 0.0 0.0 0.0 0 0
0 0 0 0 0  0 0 0 0 0  0 0 0 0 0
0 0 
0 0 0 0 0  0 0 0 0 0  0 0 0 0 0 
0 0 18 0 3 0 0 0 2 0

0 0 0 0.0 0.0 0.0 0 0
0 0 0 0 0  0 0 0 0 0  0 0 0 0 0
0 0 
0 0 0 0 0  0 0 0 0 0  0 0 0 0 0
0 0 18 240 10 0 0 0 2 0


0 0 0 0.0 0.0 0.0 0 0
0 0 0 0 0  0 0 0 0 0  0 0 0 0 0
0 0 
0 0 0 0 0  0 0 0 0 0  0 0 0 0 0
0 0 0 10 2 0 0 0 0 0

0 0 0 0.0 0.0 0.0 0 0
0 0 0 0 0  0 0 0 0 0  0 0 0 0 0
0 0 
0 0 0 0 0  0 0 0 0 0  0 0 0 0 0
0 0 0 5 2 0 0 0 0 0

0 0 0 0.0 0.0 0.0 0 0
0 0 0 0 0  0 0 0 0 0  0 0 0 0 0
0 0 
0 0 0 0 0  0 0 0 0 0  0 0 0 0 0 
0 0 20 0 3 0 0 0 3 0

0 0 0 0.0 0.0 0.0 0 0
0 0 0 0 0  0 0 0 0 0  0 0 0 0 0
0 0 
0 0 0 0 0  0 0 0 0 0  0 0 0 0 0
0 0 20 160 10 0 0 0 3 0


0 0 0 0.0 0.0 0.0 0 0
0 0 0 0 0  0 0 0 0 0  0 0 0 0 0
0 0 
0 0 0 0 0  0 0 0 0 0  0 0 0 0 0
0 0 0 20 2 0 0 0 0 0

0 0 0 0.0 0.0 0.0 0 0
0 0 0 0 0  0 0 0 0 0  0 0 0 0 0
0 0 
0 0 0 0 0  0 0 0 0 0  0 0 0 0 0
0 0 0 16 2 0 0 0 0 0

0 0 0 0.0 0.0 0.0 0 0
0 0 0 0 0  0 0 0 0 0  0 0 0 0 0
0 0 
0 0 0 0 0  0 0 0 0 0  0 0 0 0 0 
0 0 16 0 2 0 0 0 4 0

0 0 0 0.0 0.0 0.0 0 0
0 0 0 0 0  0 0 0 0 0  0 0 0 0 0
0 0 
0 0 0 0 0  0 0 0 0 0  0 0 0 0 0
0 0 16 240 10 0 0 0 4 0


0 0 0 0.0 0.0 0.0 0 0
0 0 0 0 0  0 0 0 0 0  0 0 0 0 0
0 0 
0 0 0 0 0  0 0 0 0 0  0 0 0 0 0
0 0 0 40 0 0 0 0 0 0

0 0 0 0.0 0.0 0.0 0 0
0 0 0 0 0  0 0 0 0 0  0 0 0 0 0
0 0 
0 0 0 0 0  0 0 0 0 0  0 0 0 0 0
0 0 0 20 0 0 0 0 0 0

0 0 0 0.0 0.0 0.0 0 0
0 0 0 0 0  0 0 0 0 0  0 0 0 0 0
0 0 
0 0 0 0 0  0 0 0 0 0  0 0 0 0 0 
0 0 12 0 0 0 0 0 5 0

0 0 0 0.0 0.0 0.0 0 0
0 0 0 0 0  0 0 0 0 0  0 0 0 0 0
0 0 
0 0 0 0 0  0 0 0 0 0  0 0 0 0 0
0 0 12 360 0 0 0 0 5 0


0 0 0 0.0 0.0 0.0 0 0
0 0 0 0 0  0 0 0 0 0  0 0 0 0 0
0 0 
0 0 0 0 0  0 0 0 0 0  0 0 0 0 0
0 0 0 10 4 0 0 0 0 0

0 0 0 0.0 0.0 0.0 0 0
0 0 0 0 0  0 0 0 0 0  0 0 0 0 0
0 0 
0 0 0 0 0  0 0 0 0 0  0 0 0 0 0
0 0 0 10 6 0 0 0 0 0

0 0 0 0.0 0.0 0.0 0 0
0 0 0 0 0  0 0 0 0 0  0 0 0 0 0
0 0 
0 0 0 0 0  0 0 0 0 0  0 0 0 0 0 
0 0 18 0 6 0 0 0 6 0

0 0 0 0.0 0.0 0.0 0 0
0 0 0 0 0  0 0 0 0 0  0 0 0 0 0
0 0 
0 0 0 0 0  0 0 0 0 0  0 0 0 0 0
0 0 18 60 60 0 0 0 6 0


0 0 0 0.0 0.0 0.0 0 0
0 0 0 0 0  0 0 0 0 0  0 0 0 0 0
0 0 
0 0 0 0 0  0 0 0 0 0  0 0 0 0 0
0 0 0 20 0 0 0 0 0 0

0 0 0 0.0 0.0 0.0 0 0
0 0 0 0 0  0 0 0 0 0  0 0 0 0 0
0 0 
0 0 0 0 0  0 0 0 0 0  0 0 0 0 0
0 0 0 10 0 0 0 0 0 0

0 0 0 0.0 0.0 0.0 0 0
0 0 0 0 0  0 0 0 0 0  0 0 0 0 0
0 0 
0 0 0 0 0  0 0 0 0 0  0 0 0 0 0 
0 0 20 0 0 0 0 0 7 0

0 0 0 0.0 0.0 0.0 0 0
0 0 0 0 0  0 0 0 0 0  0 0 0 0 0
0 0 
0 0 0 0 0  0 0 0 0 0  0 0 0 0 0
0 0 20 150 0 0 0 0 7 0


0 0 0 0.0 0.0 0.0 0 0
0 0 0 0 0  0 0 0 0 0  0 0 0 0 0
0 0 
0 0 0 0 0  0 0 0 0 0  0 0 0 0 0
0 0 0 0 0 0 0 0 0 0

0 0 0 0.0 0.0 0.0 0 0
0 0 0 0 0  0 0 0 0 0  0 0 0 0 0
0 0 
0 0 0 0 0  0 0 0 0 0  0 0 0 0 0
0 0 0 0 0 0 0 0 0 0

0 0 0 0.0 0.0 0.0 0 0
0 0 0 0 0  0 0 0 0 0  0 0 0 0 0
0 0 
0 0 0 0 0  0 0 0 0 0  0 0 0 0 0 
0 0 100 0 0 0 0 0 30 0

0 0 0 0.0 0.0 0.0 0 0
0 0 0 0 0  0 0 0 0 0  0 0 0 0 0
0 0 
0 0 0 0 0  0 0 0 0 0  0 0 0 0 0
0 0 100 0 0 0 0 0 30 0


0 0 0 0.0 0.0 0.0 0 0
0 0 0 0 0  0 0 0 0 0  0 0 0 0 0
0 0 
0 0 0 0 0  0 0 0 0 0  0 0 0 0 0
0 0 0 0 0 0 0 0 0 0

0 0 0 0.0 0.0 0.0 0 0
0 0 0 0 0  0 0 0 0 0  0 0 0 0 0
0 0 
0 0 0 0 0  0 0 0 0 0  0 0 0 0 0
0 0 0 0 0 0 0 0 0 0

0 0 0 0.0 0.0 0.0 0 0
0 0 0 0 0  0 0 0 0 0  0 0 0 0 0
0 0 
0 0 0 0 0  0 0 0 0 0  0 0 0 0 0 
0 0 20 0 0 0 0 0 28 0

0 0 0 0.0 0.0 0.0 0 0
0 0 0 0 0  0 0 0 0 0  0 0 0 0 0
0 0 
0 0 0 0 0  0 0 0 0 0  0 0 0 0 0
0 0 20 0 0 0 0 0 28 0