/
0 0 0 0
0 480 480 0
0 480 480 0
0 0 0 0	
   0
   0
   0
   0
0 0 0 0
0 501 0 0
0 0 0 0
0 0 0 0

/
5 5 5 5
5 501 3 5
5 3 501 5
5 5 5 5	
   0
   0
   0
   0
0 0 0 0
0 165 0 0
0 0 0 0
0 0 0 0

/
0 0 0 0
490 490 490 490
490 490 490 490
0 0 0 0	
   0
   0
   0
   0
0 0 0 0
0 502 0 0
0 0 0 0
0 0 0 0

/
0 0 0 0
481 491 481 491
491 481 491 481
0 0 0 0	
   0
   0
   0
   0
0 0 0 0
0 503 0 0
0 0 0 0
0 0 0 0

/
480 501 501 480
480 0 0 480
0 0 0 0
0 0 0 0	
   205
   0
   0
   0
0 0 0 0
0 304 0 0
0 0 0 0
0 0 0 0

<
/ 206
>

/
0 480 480 0
502 480 480 502
502 480 480 502
0 480 480 0	
   205
   0
   0
   0
0 0 0 0
0 303 0 0
0 0 0 0
0 0 0 0

<
/ 206
>

/
0 480 480 0
480 501 501 480
480 501 501 480
0 480 480 0	
   205
   0
   0
   0
0 0 0 0
0 302 0 0
0 0 0 0
0 0 0 0

<
/ 206
>

/
0 0 0 0
480 501 501 480
0 501 501 0
0 480 480 0	
   205
   0
   0
   0
0 0 0 0
0 301 0 0
0 0 0 0
0 0 0 0

<
/ 206
>

/
0 0 0 0
480 501 501 480
0 0 0 0
0 0 0 0	
   205
   0
   0
   0
0 0 0 0
0 300 0 0
0 0 0 0
0 0 0 0

<
/ 206
>

/
0 0 0 0
501 501 501 0
480 0 480 0
480 0 480 0	
   205
   0
   0
   0
0 0 0 0
0 299 0 0
0 0 0 0
0 0 0 0

<
/ 206
>

/
0 0 0 0
0 0 0 0
0 480 480 0
480 501 501 480	
   205
   0
   0
   0
0 0 0 0
0 298 0 0
0 0 0 0
0 0 0 0

<
/ 206
>