3
0 0 0 0.0 0.0 0.0 0 0
0 0 0 0 0  0 0 0 0 0  0 0 0 0 0
0 0 
0 0 0 0 0  0 0 0 0 0  0 0 0 0 0
0 0 0 0 0 0 0 0 0 0

0 0 0 0.0 0.0 0.0 1 0
0 0 0 0 0  0 0 0 0 0  0 0 0 0 0
0 0 
0 0 0 0 0  0 0 0 0 0  0 0 0 0 0
0 1 0 0 0 0 0 0 0 0

0 6 9 0.0 0.0 0.0 1 0
0 0 0 0 0  0 0 0 0 0  0 0 0 0 0
0 0 
0 0 0 0 0  0 0 0 0 0  0 0 0 0 0 
0 1 600 0 0 0 1 0 0 0

0 6 9 0.0 0.0 0.0 5 0
0 0 0 0 0  0 0 0 0 0  0 0 0 0 0
0 0 
0 0 0 0 0  0 0 0 0 0  0 0 0 0 0 
0 5 600 0 0 0 1 0 0 0


4 6 0 0.0 0.0 0.0 3 0
0 0 0 0 0  0 0 0 0 0  0 0 0 0 0
10 0 
0 0 0 0 0  0 0 0 0 0  0 0 0 0 0
0 1 0 10 10 0 0 0 0 0

3 4 0 0.0 0.0 0.0 2 0
0 0 0 0 0  0 0 0 0 0  0 0 0 0 0
10 0 
0 0 0 0 0  0 0 0 0 0  0 0 0 0 0
0 1 0 10 10 0 0 0 0 0

0 6 0 0.0 0.0 0.0 0 0
0 0 0 0 0  0 0 0 0 0  0 0 0 0 0
6 0 
0 0 0 0 0  0 0 0 0 0  0 0 0 0 0 
0 0 1600 4 0 1 1 0 0 0

100 100 0 0.0 0.0 0.0 20 0
0 0 0 0 0  0 0 0 0 0  0 0 0 0 0
100 0 
0 0 0 0 0  0 0 0 0 0  0 0 0 0 0 
0 10 1600 200 60 1 1 0 0 0


0 0 0 0.0 0.0 0.0 0 0
1 10 3 0 -3  1 10 3 0 -3  1 10 3 0 -3
0 40 
3 0 6 0 -4  100 0 20 0 -4  100 0 20 0 -4
0 0 0 0 0 0 0 0 0 0

0 0 0 0.0 0.0 0.0 1 0
1 5 1 0 0  1 5 1 0 0  2 5 1 0 0
0 40 
1 0 4 0 -2  50 0 12 0 -2 50 0 12 0 -2
0 0 0 0 0 0 0 0 0 0

0 0 2 0.0 0.0 0.0 1 0
0 40 0 0 4  0 40 0 0 5  0 40 0 0 4
0 20 
0 100 0 0 20  0 100 0 0 20  0 100 0 0 20 
0 0 300 0 0 0 1 0 0 0

0 0 2 0.0 0.0 0.0 5 0
6 90 10 0 5  4 90 10 0 5  10 90 10 0 5
0 400 
2 100 20 0 20  400 100 20 0 20  400 100 20 0 20 
0 0 300 0 0 0 1 0 0 0