-1 -1 -1 -1
-1 -1 -1 -1
-1 0 -1 -1
-1 -1 -1 -1

-1
-1
-1
-1

-1 -1 -1 -1
-1 -1 -1 -1
-1 1 -1 -1
-1 -1 -1 -1

-2 -2 0 -2 -2 -2 -2 -2
-2 -2 -2 -2 -2  -2 -2 -2 -2 -2  -2 -2 -2 -2 -2 
-2 -2 
-2 -2 -2 -2 -2  -2 -2 -2 -2 -2  -2 -2 -2 -2 -2 
-2 -2 -2 -2 -2 -2 -2 -2 0 -2

0 0 1 0.0 0.0 0.0 0 0
0 0 0 0 0  0 0 0 0 0  0 0 0 0 0
0 0 
0 0 0 0 0  0 0 0 0 0  0 0 0 0 0
0 0 0 0 0 0 0 0 0 0

0 0 0 0.0 0.0 0.0 0 0
0 0 0 0 0  0 0 0 0 0  0 0 0 0 0
0 0 
0 0 0 0 0  0 0 0 0 0  0 0 0 0 0
0 0 0 0 0 0 0 0 0 0

0 0 0 0.0 0.0 0.0 0 0
0 0 0 0 0  0 0 0 0 0  0 0 0 0 0
0 0 
0 0 0 0 0  0 0 0 0 0  0 0 0 0 0
0 0 0 0 0 0 0 0 0 0

attack:+x0*2;bn:+x0*2;shield:+x0*2;size:+x0;live:+x0*2;range:+x0;dist:+x0;



-1 -1 -1 -1
-1 -1 -1 -1
-1 0 -1 -1
-1 -1 -1 -1

-1
-1
-1
-1

-1 -1 -1 -1
-1 -1 -1 -1
-1 2 -1 -1
-1 -1 -1 -1

-2 -2 2 -2 -2 -2 -2 -2
-2 -2 -2 -2 -2  -2 -2 -2 -2 -2  -2 -2 -2 -2 -2 
-2 -2 
-2 -2 -2 -2 -2  -2 -2 -2 -2 -2  -2 -2 -2 -2 -2 
-2 -2 -2 -2 -2 -2 -2 -2 0 -2

0 0 0 0.0 0.0 0.0 0 0
0 0 0 0 0  0 0 0 0 0  0 0 0 0 0
0 0 
0 0 0 0 0  0 0 0 0 0  0 0 0 0 0
0 0 0 0 0 0 0 0 0 0

0 0 3 0.0 0.0 0.0 0 0
0 0 0 0 0  0 0 0 0 0  0 0 0 0 0
0 0 
0 0 0 0 0  0 0 0 0 0  0 0 0 0 0
0 0 0 0 0 0 0 0 0 0

0 0 0 0.0 0.0 0.0 0 0
0 0 0 0 0  0 0 0 0 0  0 0 0 0 0
0 0 
0 0 0 0 0  0 0 0 0 0  0 0 0 0 0
0 0 0 0 0 0 0 0 0 0

ef[0][0]:+x0;ef[0][1]:+x0;ef[0][2]:+x0;ef[0][3]:+x0;ef[0][4]:+x0;ef[1][0]:+x0;ef[1][1]:+x0;ef[1][2]:+x0;ef[1][3]:+x0;ef[1][4]:+x0;ef[2][0]:+x0;ef[2][1]:+x0;ef[2][2]:+x0;ef[2][3]:+x0;ef[2][4]:+x0;pef[0][0]:+x0;pef[0][1]:+x0;pef[0][2]:+x0;pef[0][3]:+x0;pef[0][4]:+x0;pef[1][0]:+x0;pef[1][1]:+x0;pef[1][2]:+x0;pef[1][3]:+x0;pef[1][4]:+x0;pef[2][0]:+x0;pef[2][1]:+x0;pef[2][2]:+x0;pef[2][3]:+x0;pef[2][4]:+x0;edel:+x0;mpoints:+x0;



-1 -1 -1 -1
-1 0 0 -1
-1 0 0 -1
-1 -1 -1 -1

-1
-1
-1
-1

-1 -1 -1 -1
-1 -1 -1 -1
-1 1 -1 -1
-1 -1 -1 -1

-2 -2 3 -2 -2 -2 -2 -2
-2 -2 -2 -2 -2  -2 -2 -2 -2 -2  -2 -2 -2 -2 -2 
-2 -2 
-2 -2 -2 -2 -2  -2 -2 -2 -2 -2  -2 -2 -2 -2 -2 
-2 -2 -2 -2 -2 -2 -2 -2 0 -2

0 0 3 0.0 0.0 0.0 0 0
0 0 0 0 0  0 0 0 0 0  0 0 0 0 0
0 0 
0 0 0 0 0  0 0 0 0 0  0 0 0 0 0
0 0 0 0 0 0 0 0 0 0

0 0 0 0.0 0.0 0.0 0 0
0 0 0 0 0  0 0 0 0 0  0 0 0 0 0
0 0 
0 0 0 0 0  0 0 0 0 0  0 0 0 0 0
0 0 0 0 0 0 0 0 0 0

0 0 0 0.0 0.0 0.0 0 0
0 0 0 0 0  0 0 0 0 0  0 0 0 0 0
0 0 
0 0 0 0 0  0 0 0 0 0  0 0 0 0 0
0 0 0 0 0 0 0 0 0 0

ef[0][0]:+x0*2;ef[0][1]:+x0;ef[0][2]:+x0*2;ef[0][3]:+x0;ef[0][4]:+x0*2;ef[1][0]:+x0*2;ef[1][1]:+x0;ef[1][2]:+x0*2;ef[1][3]:+x0;ef[1][4]:+x0*2;ef[2][0]:+x0*2;ef[2][1]:+x0;ef[2][2]:+x0*2;ef[2][3]:+x0;ef[2][4]:+x0*2;pef[0][0]:+x0*2;pef[0][1]:+x0;pef[0][2]:+x0*2;pef[0][3]:+x0;pef[0][4]:+x0*2;pef[1][0]:+x0*2;pef[1][1]:+x0;pef[1][2]:+x0*2;pef[1][3]:+x0;pef[1][4]:+x0*2;pef[2][0]:+x0*2;pef[2][1]:+x0;pef[2][2]:+x0*2;pef[2][3]:+x0;pef[2][4]:+x0*2;edel:+x0*2;mpoints:+x0*2;



2 0 -1 -1
2 0 -1 -1
2 0 -1 -1
2 0 -1 -1

-1
-1
-1
-1

-1 -1 -1 -1
-1 -1 -1 -1
-1 1 -1 -1
-1 -1 -1 -1

-2 -2 1 -2 -2 -2 -2 -2
-2 -2 -2 -2 -2  -2 -2 -2 -2 -2  -2 -2 -2 -2 -2 
-2 -2 
-2 -2 -2 -2 -2  -2 -2 -2 -2 -2  -2 -2 -2 -2 -2 
-2 -2 -2 -2 -2 -2 -2 -2 0 -2

0 0 6 0.0 0.0 0.0 0 0
0 0 0 0 0  0 0 0 0 0  0 0 0 0 0
0 0 
0 0 0 0 0  0 0 0 0 0  0 0 0 0 0
0 0 0 0 0 0 0 0 0 0

-2 -2 5 -2 -2 -2 -2 -2
-2 -2 -2 -2 -2  -2 -2 -2 -2 -2  -2 -2 -2 -2 -2 
-2 -2 
-2 -2 -2 -2 -2  -2 -2 -2 -2 -2  -2 -2 -2 -2 -2 
-2 -2 -2 -2 -2 -2 -2 -2 0 -2

0 0 0 0.0 0.0 0.0 0 0
0 0 0 0 0  0 0 0 0 0  0 0 0 0 0
0 0 
0 0 0 0 0  0 0 0 0 0  0 0 0 0 0
0 0 0 0 0 0 0 0 0 0

attack:+x0*2;bn:+x0*2;shield:+x0*2;size:+x0;live:+x0*2;dist:+x0;range:+x0;



-1 -1 -1 2
1 -1 2 -1
-1 1 -1 -1
0 -1 1 -1

-1
-1
-1
-1

-1 -1 -1 -1
-1 -1 -1 -1
-1 3 -1 -1
-1 -1 -1 -1

-2 -2 6 -2 -2 -2 -2 -2
-2 -2 -2 -2 -2  -2 -2 -2 -2 -2  -2 -2 -2 -2 -2 
-2 -2 
-2 -2 -2 -2 -2  -2 -2 -2 -2 -2  -2 -2 -2 -2 -2 
-2 -2 -2 -2 -2 -2 -2 -2 0 -2

-2 -2 1 -2 -2 -2 -2 -2
-2 -2 -2 -2 -2  -2 -2 -2 -2 -2  -2 -2 -2 -2 -2 
-2 -2 
-2 -2 -2 -2 -2  -2 -2 -2 -2 -2  -2 -2 -2 -2 -2 
-2 -2 -2 -2 -2 -2 -2 -2 0 -2

-2 -2 1 -2 -2 -2 -2 -2
-2 -2 -2 -2 -2  -2 -2 -2 -2 -2  -2 -2 -2 -2 -2 
-2 -2 
-2 -2 -2 -2 -2  -2 -2 -2 -2 -2  -2 -2 -2 -2 -2 
-2 -2 -2 -2 -2 -2 -2 -2 0 -2

0 0 0 0.0 0.0 0.0 1 0
0 0 0 0 0  0 0 0 0 0  0 0 0 0 0
0 0 
0 0 0 0 0  0 0 0 0 0  0 0 0 0 0
0 0 0 0 0 0 0 0 10 0

attack:+x2*2;bn:+x0+x1*2;


-1 -1 0 0
-1 -1 1 0
-1 1 -1 -1
1 -1 -1 -1

-1
-1
-1
-1

-1 -1 -1 -1
-1 -1 -1 -1
-1 2 -1 -1
-1 -1 -1 -1

-2 -2 1 -2 -2 -2 -2 -2
-2 -2 -2 -2 -2  -2 -2 -2 -2 -2  -2 -2 -2 -2 -2 
-2 -2 
-2 -2 -2 -2 -2  -2 -2 -2 -2 -2  -2 -2 -2 -2 -2 
-2 -2 -2 -2 -2 -2 -2 -2 0 -2

-2 -2 6 -2 -2 -2 -2 -2
-2 -2 -2 -2 -2  -2 -2 -2 -2 -2  -2 -2 -2 -2 -2 
-2 -2 
-2 -2 -2 -2 -2  -2 -2 -2 -2 -2  -2 -2 -2 -2 -2 
-2 -2 -2 -2 -2 -2 -2 -2 0 -2

0 0 0 0.0 0.0 0.0 0 0
0 0 0 0 0  0 0 0 0 0  0 0 0 0 0
0 0 
0 0 0 0 0  0 0 0 0 0  0 0 0 0 0
0 0 0 0 0 0 0 0 10 1

0 0 0 0.0 0.0 0.0 0 0
0 0 0 0 0  0 0 0 0 0  0 0 0 0 0
0 0 
0 0 0 0 0  0 0 0 0 0  0 0 0 0 0
0 0 0 0 0 0 0 0 0 0

attack:+x0;bn:+x0+x1*2;dist:+x1;



-1 2 -1 -1
-1 1 0 -1
-1 1 0 -1
-1 2 -1 -1

-1
-1
-1
-1

-1 -1 -1 -1
-1 -1 -1 -1
-1 3 -1 -1
-1 -1 -1 -1

-2 -2 1 -2 -2 -2 -2 -2
-2 -2 -2 -2 -2  -2 -2 -2 -2 -2  -2 -2 -2 -2 -2 
-2 -2 
-2 -2 -2 -2 -2  -2 -2 -2 -2 -2  -2 -2 -2 -2 -2 
-2 -2 -2 -2 -2 -2 -2 -2 0 -2

-2 -2 6 -2 -2 -2 -2 -2
-2 -2 -2 -2 -2  -2 -2 -2 -2 -2  -2 -2 -2 -2 -2 
-2 -2 
-2 -2 -2 -2 -2  -2 -2 -2 -2 -2  -2 -2 -2 -2 -2 
-2 -2 -2 -2 -2 -2 -2 -2 0 -2

-2 -2 8 -2 -2 -2 -2 -2
-2 -2 -2 -2 -2  -2 -2 -2 -2 -2  -2 -2 -2 -2 -2 
-2 -2 
-2 -2 -2 -2 -2  -2 -2 -2 -2 -2  -2 -2 -2 -2 -2 
-2 -2 -2 -2 -2 -2 -2 -2 0 -2

0 0 0 0.0 0.0 0.0 0 0
0 0 0 0 0  0 0 0 0 0  0 0 0 0 0
0 0 
0 0 0 0 0  0 0 0 0 0  0 0 0 0 0
7 0 0 0 0 0 0 0 10 3

attack:+x0;bn:+x0+x1*2;dist:+x1;range:+x1;



-1 -1 0 2
-1 -1 1 0
-1 1 -1 -1
1 -1 -1 -1

-1
-1
-1
-1

-1 -1 -1 -1
-1 -1 -1 -1
-1 3 -1 -1
-1 -1 -1 -1

-2 -2 1 -2 -2 -2 -2 -2
-2 -2 -2 -2 -2  -2 -2 -2 -2 -2  -2 -2 -2 -2 -2 
-2 -2 
-2 -2 -2 -2 -2  -2 -2 -2 -2 -2  -2 -2 -2 -2 -2 
-2 -2 -2 -2 -2 -2 -2 -2 0 -2

-2 -2 6 -2 -2 -2 -2 -2
-2 -2 -2 -2 -2  -2 -2 -2 -2 -2  -2 -2 -2 -2 -2 
-2 -2 
-2 -2 -2 -2 -2  -2 -2 -2 -2 -2  -2 -2 -2 -2 -2 
-2 -2 -2 -2 -2 -2 -2 -2 0 -2

-2 -2 3 -2 -2 -2 -2 -2
-2 -2 -2 -2 -2  -2 -2 -2 -2 -2  -2 -2 -2 -2 -2 
-2 -2 
-2 -2 -2 -2 -2  -2 -2 -2 -2 -2  -2 -2 -2 -2 -2 
-2 -2 -2 -2 -2 -2 -2 -2 0 -2

0 0 0 0.0 0.0 0.0 0 0
0 0 0 0 0  0 0 0 0 0  0 0 0 0 0
0 0 
0 0 0 0 0  0 0 0 0 0  0 0 0 0 0
0 0 0 0 0 0 0 0 10 5

attack:+x0;bn:+x0+x1*2;dist:+x1+1;range:+x1;ef[0][0]:+x2;ef[0][1]:+x2;ef[0][2]:+x2;ef[0][3]:+x2;ef[0][4]:+x2;ef[1][0]:+x2;ef[1][1]:+x2;ef[1][2]:+x2;ef[1][3]:+x2;ef[1][4]:+x2;ef[2][0]:+x2;ef[2][1]:+x2;ef[2][2]:+x2;ef[2][3]:+x2;ef[2][4]:+x2;edel:+x2;mpoints:+x2;



-1 0 -1 -1
-1 1 -1 -1
-1 1 -1 -1
-1 -1 -1 -1

-1
-1
-1
-1

-1 -1 -1 -1
-1 -1 -1 -1
-1 2 -1 -1
-1 -1 -1 -1

-2 -2 1 -2 -2 -2 -2 -2
-2 -2 -2 -2 -2  -2 -2 -2 -2 -2  -2 -2 -2 -2 -2 
-2 -2 
-2 -2 -2 -2 -2  -2 -2 -2 -2 -2  -2 -2 -2 -2 -2 
-2 -2 -2 -2 -2 -2 -2 -2 0 -2

-2 -2 5 -2 -2 -2 -2 -2
-2 -2 -2 -2 -2  -2 -2 -2 -2 -2  -2 -2 -2 -2 -2 
-2 -2 
-2 -2 -2 -2 -2  -2 -2 -2 -2 -2  -2 -2 -2 -2 -2 
-2 -2 -2 -2 -2 -2 -2 -2 0 -2

0 0 7 0.0 0.0 0.0 0 0
0 0 0 0 0  0 0 0 0 0  0 0 0 0 0
0 0 
0 0 0 0 0  0 0 0 0 0  0 0 0 0 0
0 0 0 0 0 0 0 0 0 0

0 0 0 0.0 0.0 0.0 0 0
0 0 0 0 0  0 0 0 0 0  0 0 0 0 0
0 0 
0 0 0 0 0  0 0 0 0 0  0 0 0 0 0
0 0 0 0 0 0 0 0 0 0

type:+x0;



-1 0 -1 -1
-1 0 -1 -1
-1 0 -1 -1
-1 0 -1 -1

-1
-1
-1
-1

-1 -1 -1 -1
-1 -1 -1 -1
-1 1 -1 -1
-1 -1 -1 -1

-2 -2 5 -2 -2 -2 -2 -2
-2 -2 -2 -2 -2  -2 -2 -2 -2 -2  -2 -2 -2 -2 -2 
-2 -2 
-2 -2 -2 -2 -2  -2 -2 -2 -2 -2  -2 -2 -2 -2 -2 
-2 -2 -2 -2 -2 -2 -2 -2 0 -2

0 0 8 0.0 0.0 0.0 0 0
0 0 0 0 0  0 0 0 0 0  0 0 0 0 0
0 0 
0 0 0 0 0  0 0 0 0 0  0 0 0 0 0
0 0 0 0 0 0 0 0 0 0

0 0 0 0.0 0.0 0.0 0 0
0 0 0 0 0  0 0 0 0 0  0 0 0 0 0
0 0 
0 0 0 0 0  0 0 0 0 0  0 0 0 0 0
0 0 0 0 0 0 0 0 0 0

0 0 0 0.0 0.0 0.0 0 0
0 0 0 0 0  0 0 0 0 0  0 0 0 0 0
0 0 
0 0 0 0 0  0 0 0 0 0  0 0 0 0 0
0 0 0 0 0 0 0 0 0 0

type:+x0;



-1 0 -1 -1
3 0 3 -1
0 1 0 -1
3 3 3 -1

-1
-1
-1
-1

-1 -1 -1 -1
-1 -1 -1 -1
-1 2 -1 -1
-1 -1 -1 -1

-2 -2 5 -2 -2 -2 -2 -2
-2 -2 -2 -2 -2  -2 -2 -2 -2 -2  -2 -2 -2 -2 -2 
-2 -2 
-2 -2 -2 -2 -2  -2 -2 -2 -2 -2  -2 -2 -2 -2 -2 
-2 -2 -2 -2 -2 -2 -2 -2 0 -2

-2 -2 3 -2 -2 -2 -2 -2
-2 -2 -2 -2 -2  -2 -2 -2 -2 -2  -2 -2 -2 -2 -2 
-2 -2 
-2 -2 -2 -2 -2  -2 -2 -2 -2 -2  -2 -2 -2 -2 -2 
-2 -2 -2 -2 -2 -2 -2 -2 0 -2

0 0 0 0.0 0.0 0.0 0 0
0 0 0 0 0  0 0 0 0 0  0 0 0 0 0
0 0 
0 0 0 0 0  0 0 0 0 0  0 0 0 0 0
0 0 0 0 0 0 0 0 29 0

-2 -2 1 -2 -2 -2 -2 -2
-2 -2 -2 -2 -2  -2 -2 -2 -2 -2  -2 -2 -2 -2 -2 
-2 -2 
-2 -2 -2 -2 -2  -2 -2 -2 -2 -2  -2 -2 -2 -2 -2 
-2 -2 -2 -2 -2 -2 -2 -2 0 -2

pef[0][0]:+x0*2;pef[0][1]:+x0;pef[0][2]:+x0*2;pef[0][3]:+x0;pef[0][4]:+x0*2;pef[1][0]:+x0*2;pef[1][1]:+x0;pef[1][2]:+x0*2;pef[1][3]:+x0;pef[1][4]:+x0*2;pef[2][0]:+x0*2;pef[2][1]:+x0;pef[2][2]:+x0*2;pef[2][3]:+x0;pef[2][4]:+x0*2;



1 1 1 1
1 0 1 1
1 1 0 1
1 1 1 1

-1
-1
-1
-1

-1 -1 -1 -1
-1 -1 -1 -1
-1 2 -1 -1
-1 -1 -1 -1

-2 -2 9 -2 -2 -2 -2 -2
-2 -2 -2 -2 -2  -2 -2 -2 -2 -2  -2 -2 -2 -2 -2 
-2 -2 
-2 -2 -2 -2 -2  -2 -2 -2 -2 -2  -2 -2 -2 -2 -2 
-2 -2 -2 -2 -2 -2 -2 -2 0 -2

-2 -2 1 -2 -2 -2 -2 -2
-2 -2 -2 -2 -2  -2 -2 -2 -2 -2  -2 -2 -2 -2 -2 
-2 -2 
-2 -2 -2 -2 -2  -2 -2 -2 -2 -2  -2 -2 -2 -2 -2 
-2 -2 -2 -2 -2 -2 -2 -2 0 -2

0 0 0 0.0 0.0 0.0 0 0
0 0 0 0 0  0 0 0 0 0  0 0 0 0 0
0 0 
0 0 0 0 0  0 0 0 0 0  0 0 0 0 0
0 0 0 0 0 1 0 0 26 0

0 0 0 0.0 0.0 0.0 0 0
0 0 0 0 0  0 0 0 0 0  0 0 0 0 0
0 0 
0 0 0 0 0  0 0 0 0 0  0 0 0 0 0
0 0 0 0 0 0 0 0 0 0

shield:+x1*4;live:+x1*4;wtype:+x0;range:+x0;dist+x0;



1 1 1 1
1 2 0 1
1 0 2 1
1 1 1 1

-1
-1
-1
-1

-1 -1 -1 -1
-1 -1 -1 -1
-1 3 -1 -1
-1 -1 -1 -1

-2 -2 3 -2 -2 -2 -2 -2
-2 -2 -2 -2 -2  -2 -2 -2 -2 -2  -2 -2 -2 -2 -2 
-2 -2 
-2 -2 -2 -2 -2  -2 -2 -2 -2 -2  -2 -2 -2 -2 -2 
-2 -2 -2 -2 -2 -2 -2 -2 0 -2

-2 -2 1 -2 -2 -2 -2 -2
-2 -2 -2 -2 -2  -2 -2 -2 -2 -2  -2 -2 -2 -2 -2 
-2 -2 
-2 -2 -2 -2 -2  -2 -2 -2 -2 -2  -2 -2 -2 -2 -2 
-2 -2 -2 -2 -2 -2 -2 -2 0 -2

-2 -2 9 -2 -2 -2 -2 -2
-2 -2 -2 -2 -2  -2 -2 -2 -2 -2  -2 -2 -2 -2 -2 
-2 -2 
-2 -2 -2 -2 -2  -2 -2 -2 -2 -2  -2 -2 -2 -2 -2 
-2 -2 -2 -2 -2 -2 -2 -2 0 -2

0 0 0 0.0 0.0 0.0 0 0
0 0 0 0 0  0 0 0 0 0  0 0 0 0 0
0 0 
0 0 0 0 0  0 0 0 0 0  0 0 0 0 0
0 0 0 0 0 1 0 0 27 0

ef[0][0]:+x0;ef[0][1]:+x0;ef[0][2]:+x0;ef[0][3]:+x0;ef[0][4]:+x0;ef[1][0]:+x0;ef[1][1]:+x0;ef[1][2]:+x0;ef[1][3]:+x0;ef[1][4]:+x0;ef[2][0]:+x0;ef[2][1]:+x0;ef[2][2]:+x0;ef[2][3]:+x0;ef[2][4]:+x0;shield:+x1;attack:+x1*2;live:+x1;pef[0][0]:+x0;pef[0][1]:+x0;pef[0][2]:+x0;pef[0][3]:+x0;pef[0][4]:+x0;pef[1][0]:+x0;pef[1][1]:+x0;pef[1][2]:+x0;pef[1][3]:+x0;pef[1][4]:+x0;pef[2][0]:+x0;pef[2][1]:+x0;pef[2][2]:+x0;pef[2][3]:+x0;pef[2][4]:+x0;



1 1 1 -1
-1 0 -1 -1
-1 0 -1 -1
-1 -1 -1 -1

-1
-1
-1
-1

-1 -1 -1 -1
-1 -1 -1 -1
-1 2 -1 -1
-1 -1 -1 -1

-2 -2 6 -2 -2 -2 -2 -2
-2 -2 -2 -2 -2  -2 -2 -2 -2 -2  -2 -2 -2 -2 -2 
-2 -2 
-2 -2 -2 -2 -2  -2 -2 -2 -2 -2  -2 -2 -2 -2 -2 
-2 -2 -2 -2 -2 -2 -2 -2 0 -2

-2 -2 1 -2 -2 -2 -2 -2
-2 -2 -2 -2 -2  -2 -2 -2 -2 -2  -2 -2 -2 -2 -2 
-2 -2 
-2 -2 -2 -2 -2  -2 -2 -2 -2 -2  -2 -2 -2 -2 -2 
-2 -2 -2 -2 -2 -2 -2 -2 0 -2

0 0 0 0.0 0.0 0.0 0 0
0 0 0 0 0  0 0 0 0 0  0 0 0 0 0
0 0 
0 0 0 0 0  0 0 0 0 0  0 0 0 0 0
0 0 0 0 0 0 0 0 8 0

0 0 0 0.0 0.0 0.0 0 0
0 0 0 0 0  0 0 0 0 0  0 0 0 0 0
0 0 
0 0 0 0 0  0 0 0 0 0  0 0 0 0 0
0 0 0 0 0 0 0 0 0 0

bn:+x0+x1*2;



-1 1 1 -1
-1 0 -1 -1
-1 0 -1 -1
1 1 -1 -1

-1
-1
-1
-1

-1 -1 -1 -1
-1 -1 -1 -1
-1 2 -1 -1
-1 -1 -1 -1

-2 -2 5 -2 -2 -2 -2 -2
-2 -2 -2 -2 -2  -2 -2 -2 -2 -2  -2 -2 -2 -2 -2 
-2 -2 
-2 -2 -2 -2 -2  -2 -2 -2 -2 -2  -2 -2 -2 -2 -2 
-2 -2 -2 -2 -2 -2 -2 -2 0 -2

-2 -2 1 -2 -2 -2 -2 -2
-2 -2 -2 -2 -2  -2 -2 -2 -2 -2  -2 -2 -2 -2 -2 
-2 -2 
-2 -2 -2 -2 -2  -2 -2 -2 -2 -2  -2 -2 -2 -2 -2 
-2 -2 -2 -2 -2 -2 -2 -2 0 -2

0 0 0 0.0 0.0 0.0 0 0
0 0 0 0 0  0 0 0 0 0  0 0 0 0 0
0 0 
0 0 0 0 0  0 0 0 0 0  0 0 0 0 0
0 0 0 0 0 0 0 0 9 0

0 0 0 0.0 0.0 0.0 0 0
0 0 0 0 0  0 0 0 0 0  0 0 0 0 0
0 0 
0 0 0 0 0  0 0 0 0 0  0 0 0 0 0
0 0 0 0 0 0 0 0 0 0

bn:+x1*3;



1 1 1 1
1 0 0 1
1 0 0 1
1 1 1 1

-1
-1
-1
-1

-1 -1 -1 -1
-1 -1 -1 -1
-1 2 -1 -1
-1 -1 -1 -1

-2 -2 5 -2 -2 -2 -2 -2
-2 -2 -2 -2 -2  -2 -2 -2 -2 -2  -2 -2 -2 -2 -2 
-2 -2 
-2 -2 -2 -2 -2  -2 -2 -2 -2 -2  -2 -2 -2 -2 -2 
-2 -2 -2 -2 -2 -2 -2 -2 0 -2

-2 -2 1 -2 -2 -2 -2 -2
-2 -2 -2 -2 -2  -2 -2 -2 -2 -2  -2 -2 -2 -2 -2 
-2 -2 
-2 -2 -2 -2 -2  -2 -2 -2 -2 -2  -2 -2 -2 -2 -2 
-2 -2 -2 -2 -2 -2 -2 -2 0 -2

0 0 0 0.0 0.0 0.0 0 0
0 0 0 0 0  0 0 0 0 0  0 0 0 0 0
0 0 
0 0 0 0 0  0 0 0 0 0  0 0 0 0 0
0 0 0 0 0 0 0 0 11 0

0 0 0 0.0 0.0 0.0 0 0
0 0 0 0 0  0 0 0 0 0  0 0 0 0 0
0 0 
0 0 0 0 0  0 0 0 0 0  0 0 0 0 0
0 0 0 0 0 0 0 0 0 0

type:+x0;



-1 -1 -1 -1
-1 -1 -1 -1
-1 0 -1 -1
-1 -1 -1 -1

-1
-1
-1
-1

1 1 1 1
1 -1 -1 1
1 -1 -1 1
1 1 1 1

-2 -2 -2 -2 -2 -2 -2 -2
-2 -2 -2 -2 -2  -2 -2 -2 -2 -2  -2 -2 -2 -2 -2 
-2 -2 
-2 -2 -2 -2 -2  -2 -2 -2 -2 -2  -2 -2 -2 -2 -2 
-2 -2 -2 -2 -2 -2 -2 -2 12 -2

0 0 5 0.0 0.0 0.0 0 0
0 0 0 0 0  0 0 0 0 0  0 0 0 0 0
0 0 
0 0 0 0 0  0 0 0 0 0  0 0 0 0 0
0 0 0 0 0 0 0 0 0 0

0 0 0 0.0 0.0 0.0 0 0
0 0 0 0 0  0 0 0 0 0  0 0 0 0 0
0 0 
0 0 0 0 0  0 0 0 0 0  0 0 0 0 0
0 0 0 0 0 0 0 0 0 0

0 0 0 0.0 0.0 0.0 0 0
0 0 0 0 0  0 0 0 0 0  0 0 0 0 0
0 0 
0 0 0 0 0  0 0 0 0 0  0 0 0 0 0
0 0 0 0 0 0 0 0 0 0

t2:+x2;



0 0 0 0
0 -1 -1 0
0 -1 -1 0
0 0 0 0

-1
-1
-1
-1

-1 -1 -1 -1
-1 -1 -1 -1
-1 1 -1 -1
-1 -1 -1 -1

-2 -2 5 -2 -2 -2 -2 -2
-2 -2 -2 -2 -2  -2 -2 -2 -2 -2  -2 -2 -2 -2 -2 
-2 -2 
-2 -2 -2 -2 -2  -2 -2 -2 -2 -2  -2 -2 -2 -2 -2 
-2 -2 -2 -2 -2 -2 -2 -2 0 -2

0 0 0 0.0 0.0 0.0 0 0
0 0 0 0 0  0 0 0 0 0  0 0 0 0 0
0 0 
0 0 0 0 0  0 0 0 0 0  0 0 0 0 0
0 0 0 0 0 1 3 0 12 0

0 0 0 0.0 0.0 0.0 0 0
0 0 0 0 0  0 0 0 0 0  0 0 0 0 0
0 0 
0 0 0 0 0  0 0 0 0 0  0 0 0 0 0
0 0 0 0 0 0 0 0 0 0

0 0 0 0.0 0.0 0.0 0 0
0 0 0 0 0  0 0 0 0 0  0 0 0 0 0
0 0 
0 0 0 0 0  0 0 0 0 0  0 0 0 0 0
0 0 0 0 0 0 0 0 0 0

type:+x0;

-1 -1 -1 -1
-1 0 0 -1
-1 0 0 -1
-1 -1 -1 -1

-1
-1
-1
-1

-1 -1 -1 -1
-1 -1 -1 -1
-1 1 -1 -1
-1 -1 -1 -1

-2 -2 -2 -2 -2 -2 -2 -2
-2 -2 -2 -2 -2  -2 -2 -2 -2 -2  -2 -2 -2 -2 -2 
-2 -2 
-2 -2 -2 -2 -2  -2 -2 -2 -2 -2  -2 -2 -2 -2 -2 
-2 -2 -2 -2 -2 -2 -2 -2 30 -2

0 0 0 0.0 0.0 0.0 0 0
0 0 0 0 0  0 0 0 0 0  0 0 0 0 0
0 0 
0 0 0 0 0  0 0 0 0 0  0 0 0 0 0
0 0 0 0 0 0 0 0 28 0

0 0 0 0.0 0.0 0.0 0 0
0 0 0 0 0  0 0 0 0 0  0 0 0 0 0
0 0 
0 0 0 0 0  0 0 0 0 0  0 0 0 0 0
0 0 0 0 0 0 0 0 0 0

0 0 0 0.0 0.0 0.0 0 0
0 0 0 0 0  0 0 0 0 0  0 0 0 0 0
0 0 
0 0 0 0 0  0 0 0 0 0  0 0 0 0 0
0 0 0 0 0 0 0 0 0 0

t2:+x0;



-1 -1 -1 -1
-1 -1 -1 -1
-1 1 0 -1
-1 -1 -1 -1

-1
-1
-1
-1

-1 -1 -1 -1
-1 -1 -1 -1
-1 2 -1 -1
-1 -1 -1 -1

-2 -2 3 -2 -2 -2 -2 -2
-2 -2 -2 -2 -2  -2 -2 -2 -2 -2  -2 -2 -2 -2 -2 
-2 -2 
-2 -2 -2 -2 -2  -2 -2 -2 -2 -2  -2 -2 -2 -2 -2 
-2 -2 -2 -2 -2 -2 -2 -2 0 -2

-2 -2 -2 -2 -2 -2 -2 -2
-2 -2 -2 -2 -2  -2 -2 -2 -2 -2  -2 -2 -2 -2 -2 
-2 -2 
-2 -2 -2 -2 -2  -2 -2 -2 -2 -2  -2 -2 -2 -2 -2 
-2 -2 -2 -2 -2 -2 -2 -2 1 -2

0 0 0 0.0 0.0 0.0 0 0
0 0 0 0 0  0 0 0 0 0  0 0 0 0 0
0 0 
0 0 0 0 0  0 0 0 0 0  0 0 0 0 0
0 0 0 0 0 0 0 0 1 0

0 0 0 0.0 0.0 0.0 0 0
0 0 0 0 0  0 0 0 0 0  0 0 0 0 0
0 0 
0 0 0 0 0  0 0 0 0 0  0 0 0 0 0
0 0 0 0 0 0 0 0 0 0

pef[0][0]:+x0;pef[0][1]:+x0;pef[0][2]:+x0;pef[0][3]:+x0;pef[0][4]:+x0;pef[1][0]:+x0;pef[1][1]:+x0;pef[1][2]:+x0;pef[1][3]:+x0;pef[1][4]:+x0;pef[2][0]:+x0;pef[2][1]:+x0;pef[2][2]:+x0;pef[2][3]:+x0;pef[2][4]:+x0;shield:+x1;size:+x1;



-1 -1 -1 -1
-1 -1 -1 -1
-1 1 0 -1
-1 -1 -1 -1

-1
-1
-1
-1

-1 -1 -1 -1
-1 -1 -1 -1
-1 2 -1 -1
-1 -1 -1 -1

-2 -2 3 -2 -2 -2 -2 -2
-2 -2 -2 -2 -2  -2 -2 -2 -2 -2  -2 -2 -2 -2 -2 
-2 -2 
-2 -2 -2 -2 -2  -2 -2 -2 -2 -2  -2 -2 -2 -2 -2 
-2 -2 -2 -2 -2 -2 -2 -2 0 -2

-2 -2 -2 -2 -2 -2 -2 -2
-2 -2 -2 -2 -2  -2 -2 -2 -2 -2  -2 -2 -2 -2 -2 
-2 -2 
-2 -2 -2 -2 -2  -2 -2 -2 -2 -2  -2 -2 -2 -2 -2 
-2 -2 -2 -2 -2 -2 -2 -2 2 -2

0 0 0 0.0 0.0 0.0 0 0
0 0 0 0 0  0 0 0 0 0  0 0 0 0 0
0 0 
0 0 0 0 0  0 0 0 0 0  0 0 0 0 0
0 0 0 0 0 0 0 0 2 0

0 0 0 0.0 0.0 0.0 0 0
0 0 0 0 0  0 0 0 0 0  0 0 0 0 0
0 0 
0 0 0 0 0  0 0 0 0 0  0 0 0 0 0
0 0 0 0 0 0 0 0 0 0

pef[0][0]:+x0;pef[0][1]:+x0;pef[0][2]:+x0;pef[0][3]:+x0;pef[0][4]:+x0;pef[1][0]:+x0;pef[1][1]:+x0;pef[1][2]:+x0;pef[1][3]:+x0;pef[1][4]:+x0;pef[2][0]:+x0;pef[2][1]:+x0;pef[2][2]:+x0;pef[2][3]:+x0;pef[2][4]:+x0;shield:+x1;size:+x1;



-1 -1 -1 -1
-1 -1 -1 -1
-1 1 0 -1
-1 -1 -1 -1

-1
-1
-1
-1

-1 -1 -1 -1
-1 -1 -1 -1
-1 2 -1 -1
-1 -1 -1 -1

-2 -2 3 -2 -2 -2 -2 -2
-2 -2 -2 -2 -2  -2 -2 -2 -2 -2  -2 -2 -2 -2 -2 
-2 -2 
-2 -2 -2 -2 -2  -2 -2 -2 -2 -2  -2 -2 -2 -2 -2 
-2 -2 -2 -2 -2 -2 -2 -2 0 -2

-2 -2 -2 -2 -2 -2 -2 -2
-2 -2 -2 -2 -2  -2 -2 -2 -2 -2  -2 -2 -2 -2 -2 
-2 -2 
-2 -2 -2 -2 -2  -2 -2 -2 -2 -2  -2 -2 -2 -2 -2 
-2 -2 -2 -2 -2 -2 -2 -2 3 -2

0 0 0 0.0 0.0 0.0 0 0
0 0 0 0 0  0 0 0 0 0  0 0 0 0 0
0 0 
0 0 0 0 0  0 0 0 0 0  0 0 0 0 0
0 0 0 0 0 0 0 0 3 0

0 0 0 0.0 0.0 0.0 0 0
0 0 0 0 0  0 0 0 0 0  0 0 0 0 0
0 0 
0 0 0 0 0  0 0 0 0 0  0 0 0 0 0
0 0 0 0 0 0 0 0 0 0

pef[0][0]:+x0;pef[0][1]:+x0;pef[0][2]:+x0;pef[0][3]:+x0;pef[0][4]:+x0;pef[1][0]:+x0;pef[1][1]:+x0;pef[1][2]:+x0;pef[1][3]:+x0;pef[1][4]:+x0;pef[2][0]:+x0;pef[2][1]:+x0;pef[2][2]:+x0;pef[2][3]:+x0;pef[2][4]:+x0;shield:+x1;size:+x1;



-1 -1 -1 -1
-1 -1 -1 -1
-1 1 0 -1
-1 -1 -1 -1

-1
-1
-1
-1

-1 -1 -1 -1
-1 -1 -1 -1
-1 2 -1 -1
-1 -1 -1 -1

-2 -2 3 -2 -2 -2 -2 -2
-2 -2 -2 -2 -2  -2 -2 -2 -2 -2  -2 -2 -2 -2 -2 
-2 -2 
-2 -2 -2 -2 -2  -2 -2 -2 -2 -2  -2 -2 -2 -2 -2 
-2 -2 -2 -2 -2 -2 -2 -2 0 -2

-2 -2 -2 -2 -2 -2 -2 -2
-2 -2 -2 -2 -2  -2 -2 -2 -2 -2  -2 -2 -2 -2 -2 
-2 -2 
-2 -2 -2 -2 -2  -2 -2 -2 -2 -2  -2 -2 -2 -2 -2 
-2 -2 -2 -2 -2 -2 -2 -2 4 -2

0 0 0 0.0 0.0 0.0 0 0
0 0 0 0 0  0 0 0 0 0  0 0 0 0 0
0 0 
0 0 0 0 0  0 0 0 0 0  0 0 0 0 0
0 0 0 0 0 0 0 0 4 0

0 0 0 0.0 0.0 0.0 0 0
0 0 0 0 0  0 0 0 0 0  0 0 0 0 0
0 0 
0 0 0 0 0  0 0 0 0 0  0 0 0 0 0
0 0 0 0 0 0 0 0 0 0

pef[0][0]:+x0;pef[0][1]:+x0;pef[0][2]:+x0;pef[0][3]:+x0;pef[0][4]:+x0;pef[1][0]:+x0;pef[1][1]:+x0;pef[1][2]:+x0;pef[1][3]:+x0;pef[1][4]:+x0;pef[2][0]:+x0;pef[2][1]:+x0;pef[2][2]:+x0;pef[2][3]:+x0;pef[2][4]:+x0;shield:+x1;size:+x1;



-1 -1 -1 -1
-1 -1 -1 -1
-1 1 0 -1
-1 -1 -1 -1

-1
-1
-1
-1

-1 -1 -1 -1
-1 -1 -1 -1
-1 2 -1 -1
-1 -1 -1 -1

-2 -2 3 -2 -2 -2 -2 -2
-2 -2 -2 -2 -2  -2 -2 -2 -2 -2  -2 -2 -2 -2 -2 
-2 -2 
-2 -2 -2 -2 -2  -2 -2 -2 -2 -2  -2 -2 -2 -2 -2 
-2 -2 -2 -2 -2 -2 -2 -2 0 -2

-2 -2 -2 -2 -2 -2 -2 -2
-2 -2 -2 -2 -2  -2 -2 -2 -2 -2  -2 -2 -2 -2 -2 
-2 -2 
-2 -2 -2 -2 -2  -2 -2 -2 -2 -2  -2 -2 -2 -2 -2 
-2 -2 -2 -2 -2 -2 -2 -2 5 -2

0 0 0 0.0 0.0 0.0 0 0
0 0 0 0 0  0 0 0 0 0  0 0 0 0 0
0 0 
0 0 0 0 0  0 0 0 0 0  0 0 0 0 0
0 0 0 0 0 0 0 0 5 0

0 0 0 0.0 0.0 0.0 0 0
0 0 0 0 0  0 0 0 0 0  0 0 0 0 0
0 0 
0 0 0 0 0  0 0 0 0 0  0 0 0 0 0
0 0 0 0 0 0 0 0 0 0

pef[0][0]:+x0;pef[0][1]:+x0;pef[0][2]:+x0;pef[0][3]:+x0;pef[0][4]:+x0;pef[1][0]:+x0;pef[1][1]:+x0;pef[1][2]:+x0;pef[1][3]:+x0;pef[1][4]:+x0;pef[2][0]:+x0;pef[2][1]:+x0;pef[2][2]:+x0;pef[2][3]:+x0;pef[2][4]:+x0;shield:+x1;size:+x1;



-1 -1 -1 -1
-1 -1 -1 -1
-1 1 0 -1
-1 -1 -1 -1

-1
-1
-1
-1

-1 -1 -1 -1
-1 -1 -1 -1
-1 2 -1 -1
-1 -1 -1 -1

-2 -2 3 -2 -2 -2 -2 -2
-2 -2 -2 -2 -2  -2 -2 -2 -2 -2  -2 -2 -2 -2 -2 
-2 -2 
-2 -2 -2 -2 -2  -2 -2 -2 -2 -2  -2 -2 -2 -2 -2 
-2 -2 -2 -2 -2 -2 -2 -2 0 -2

-2 -2 -2 -2 -2 -2 -2 -2
-2 -2 -2 -2 -2  -2 -2 -2 -2 -2  -2 -2 -2 -2 -2 
-2 -2 
-2 -2 -2 -2 -2  -2 -2 -2 -2 -2  -2 -2 -2 -2 -2 
-2 -2 -2 -2 -2 -2 -2 -2 6 -2

0 0 0 0.0 0.0 0.0 0 0
0 0 0 0 0  0 0 0 0 0  0 0 0 0 0
0 0 
0 0 0 0 0  0 0 0 0 0  0 0 0 0 0
0 0 0 0 0 0 0 0 6 0

0 0 0 0.0 0.0 0.0 0 0
0 0 0 0 0  0 0 0 0 0  0 0 0 0 0
0 0 
0 0 0 0 0  0 0 0 0 0  0 0 0 0 0
0 0 0 0 0 0 0 0 0 0

pef[0][0]:+x0;pef[0][1]:+x0;pef[0][2]:+x0;pef[0][3]:+x0;pef[0][4]:+x0;pef[1][0]:+x0;pef[1][1]:+x0;pef[1][2]:+x0;pef[1][3]:+x0;pef[1][4]:+x0;pef[2][0]:+x0;pef[2][1]:+x0;pef[2][2]:+x0;pef[2][3]:+x0;pef[2][4]:+x0;shield:+x1;size:+x1;



-1 -1 -1 -1
-1 -1 -1 -1
-1 1 0 -1
-1 -1 -1 -1

-1
-1
-1
-1

-1 -1 -1 -1
-1 -1 -1 -1
-1 2 -1 -1
-1 -1 -1 -1

-2 -2 3 -2 -2 -2 -2 -2
-2 -2 -2 -2 -2  -2 -2 -2 -2 -2  -2 -2 -2 -2 -2 
-2 -2 
-2 -2 -2 -2 -2  -2 -2 -2 -2 -2  -2 -2 -2 -2 -2 
-2 -2 -2 -2 -2 -2 -2 -2 0 -2

-2 -2 -2 -2 -2 -2 -2 -2
-2 -2 -2 -2 -2  -2 -2 -2 -2 -2  -2 -2 -2 -2 -2 
-2 -2 
-2 -2 -2 -2 -2  -2 -2 -2 -2 -2  -2 -2 -2 -2 -2 
-2 -2 -2 -2 -2 -2 -2 -2 7 -2

0 0 0 0.0 0.0 0.0 0 0
0 0 0 0 0  0 0 0 0 0  0 0 0 0 0
0 0 
0 0 0 0 0  0 0 0 0 0  0 0 0 0 0
0 0 0 0 0 0 0 0 7 0

0 0 0 0.0 0.0 0.0 0 0
0 0 0 0 0  0 0 0 0 0  0 0 0 0 0
0 0 
0 0 0 0 0  0 0 0 0 0  0 0 0 0 0
0 0 0 0 0 0 0 0 0 0

pef[0][0]:+x0;pef[0][1]:+x0;pef[0][2]:+x0;pef[0][3]:+x0;pef[0][4]:+x0;pef[1][0]:+x0;pef[1][1]:+x0;pef[1][2]:+x0;pef[1][3]:+x0;pef[1][4]:+x0;pef[2][0]:+x0;pef[2][1]:+x0;pef[2][2]:+x0;pef[2][3]:+x0;pef[2][4]:+x0;shield:+x1;size:+x1;




-1 -1 -1 -1
-1 0 1 -1
-1 1 1 -1
-1 -1 -1 -1

-1
-1
-1
-1

-1 -1 -1 -1
-1 -1 -1 -1
-1 2 -1 -1
-1 -1 -1 -1

-2 -2 -2 -2 -2 -2 -2 -2
-2 -2 -2 -2 -2  -2 -2 -2 -2 -2  -2 -2 -2 -2 -2 
-2 -2 
-2 -2 -2 -2 -2  -2 -2 -2 -2 -2  -2 -2 -2 -2 -2 
-2 -2 -2 -2 -2 -2 -2 -2 10 0

-2 -2 1 -2 -2 -2 -2 -2
-2 -2 -2 -2 -2  -2 -2 -2 -2 -2  -2 -2 -2 -2 -2 
-2 -2 
-2 -2 -2 -2 -2  -2 -2 -2 -2 -2  -2 -2 -2 -2 -2 
-2 -2 -2 -2 -2 -2 -2 -2 0 -2

0 0 0 0.0 0.0 0.0 1 0
0 0 0 0 0  0 0 0 0 0  0 0 0 0 0
0 0 
0 0 0 0 0  0 0 0 0 0  0 0 0 0 0
0 0 0 0 0 0 0 0 10 0

0 0 0 0.0 0.0 0.0 0 0
0 0 0 0 0  0 0 0 0 0  0 0 0 0 0
0 0 
0 0 0 0 0  0 0 0 0 0  0 0 0 0 0
0 0 0 0 0 0 0 0 0 0

attack:+x0;bn:+x0+x1;


-1 -1 -1 -1
-1 0 1 -1
-1 1 1 -1
-1 -1 -1 -1

-1
-1
-1
-1

-1 -1 -1 -1
-1 -1 -1 -1
-1 2 -1 -1
-1 -1 -1 -1

-2 -2 -2 -2 -2 -2 -2 -2
-2 -2 -2 -2 -2  -2 -2 -2 -2 -2  -2 -2 -2 -2 -2 
-2 -2 
-2 -2 -2 -2 -2  -2 -2 -2 -2 -2  -2 -2 -2 -2 -2 
-2 -2 -2 -2 -2 -2 -2 -2 10 1

-2 -2 1 -2 -2 -2 -2 -2
-2 -2 -2 -2 -2  -2 -2 -2 -2 -2  -2 -2 -2 -2 -2 
-2 -2 
-2 -2 -2 -2 -2  -2 -2 -2 -2 -2  -2 -2 -2 -2 -2 
-2 -2 -2 -2 -2 -2 -2 -2 0 -2

0 0 0 0.0 0.0 0.0 0 0
0 0 0 0 0  0 0 0 0 0  0 0 0 0 0
0 0 
0 0 0 0 0  0 0 0 0 0  0 0 0 0 0
0 0 0 0 0 0 0 0 10 1

0 0 0 0.0 0.0 0.0 0 0
0 0 0 0 0  0 0 0 0 0  0 0 0 0 0
0 0 
0 0 0 0 0  0 0 0 0 0  0 0 0 0 0
0 0 0 0 0 0 0 0 0 0

attack:+x0;bn:+x0+x1;dist:+x0;



-1 -1 -1 -1
-1 0 1 -1
-1 1 1 -1
-1 -1 -1 -1

-1
-1
-1
-1

-1 -1 -1 -1
-1 -1 -1 -1
-1 2 -1 -1
-1 -1 -1 -1

-2 -2 -2 -2 -2 -2 -2 -2
-2 -2 -2 -2 -2  -2 -2 -2 -2 -2  -2 -2 -2 -2 -2 
-2 -2 
-2 -2 -2 -2 -2  -2 -2 -2 -2 -2  -2 -2 -2 -2 -2 
-2 -2 -2 -2 -2 -2 -2 -2 10 3

-2 -2 1 -2 -2 -2 -2 -2
-2 -2 -2 -2 -2  -2 -2 -2 -2 -2  -2 -2 -2 -2 -2 
-2 -2 
-2 -2 -2 -2 -2  -2 -2 -2 -2 -2  -2 -2 -2 -2 -2 
-2 -2 -2 -2 -2 -2 -2 -2 0 -2

0 0 0 0.0 0.0 0.0 0 0
0 0 0 0 0  0 0 0 0 0  0 0 0 0 0
0 0 
0 0 0 0 0  0 0 0 0 0  0 0 0 0 0
7 0 0 0 0 0 0 0 10 3

0 0 0 0.0 0.0 0.0 0 0
0 0 0 0 0  0 0 0 0 0  0 0 0 0 0
0 0 
0 0 0 0 0  0 0 0 0 0  0 0 0 0 0
0 0 0 0 0 0 0 0 0 0

attack:+x0;bn:+x0+x1;dist:+x0;range:+x0;



-1 -1 -1 -1
-1 2 1 -1
-1 1 1 -1
-1 -1 -1 -1

-1
-1
-1
-1

-1 -1 -1 -1
-1 -1 -1 -1
-1 0 -1 -1
-1 -1 -1 -1

0 0 0 0.0 0.0 0.0 0 0
0 0 0 0 0  0 0 0 0 0  0 0 0 0 0
0 0 
0 0 0 0 0  0 0 0 0 0  0 0 0 0 0
0 0 0 0 0 0 0 0 10 5

-2 -2 1 -2 -2 -2 -2 -2
-2 -2 -2 -2 -2  -2 -2 -2 -2 -2  -2 -2 -2 -2 -2 
-2 -2 
-2 -2 -2 -2 -2  -2 -2 -2 -2 -2  -2 -2 -2 -2 -2 
-2 -2 -2 -2 -2 -2 -2 -2 0 -2

-2 -2 -2 -2 -2 -2 -2 -2
-2 -2 -2 -2 -2  -2 -2 -2 -2 -2  -2 -2 -2 -2 -2 
-2 -2 
-2 -2 -2 -2 -2  -2 -2 -2 -2 -2  -2 -2 -2 -2 -2 
-2 -2 -2 -2 -2 -2 -2 -2 10 5

0 0 0 0.0 0.0 0.0 0 0
0 0 0 0 0  0 0 0 0 0  0 0 0 0 0
0 0 
0 0 0 0 0  0 0 0 0 0  0 0 0 0 0
0 0 0 0 0 0 0 0 0 0

attack:+x2;bn:+x2+x1;dist:+x2;range:+x2;ef[0][0]:+x2;ef[0][1]:+x2;ef[0][2]:+x2;ef[0][3]:+x2;ef[0][4]:+x2;ef[1][0]:+x2;ef[1][1]:+x2;ef[1][2]:+x0;ef[1][3]:+x0;ef[1][4]:+x2;ef[2][0]:+x2;ef[2][1]:+x2;ef[2][2]:+x2;ef[2][3]:+x2;ef[2][4]:+x2;edel:+x2;mpoints:+x2;
